500
1300
500
1000
600
1000
300
1000
1000
500
1000
1500
1500
100
1500
200
1100
0
300
1000
800
2700
1000
1700
2500
5200
800
0
0
600
1000
1000
0
0
0
700
200
800
800
900
2100
1000
1000
0
0
0
0
300
200
900
200
200
1000
1000
1000
1000
1000
1000
1000
1000
1000
1000
1000
1000
1000
1000
1000
1000
1000
1000
1000
1000
1000
1000
1000
1000
1000
1000
1000
1000
1000
1000
1000
1000
1000
1000
1000
1000
1000
1000
1000
1000
1000
1000
1000
1000
1000
1000
1000
1000
1000
1000
1000
1000
1000
1000
1000
1000
1700
400
1900
1800
1300
2800